44333524222522223444411111111111312511122223315512441534114254513552134422224444431242422442323221444342244512234322211
23324424314544452443211121111211223511143324234433443544223342514552222452244533222454234222123344434244243212121322111
44445545333555554432331122223422422421233233224431431432322532112344323442234232432351432123221322432244133312114312121
55555534334445553444212222311311213421133534344523542544224343511554232431454454445555544143454432443342244423214311111
42354515211443444522411221211311432521244422222442442524244452512444112222224524222442222152224224523452144412311322111
55555535531444444411221311335311331311114221114541351324114141511555334421154522155555134344443244443442144212114211111
55555515551555555411211111121111121511243111115541551515411351511155131511132542111551132111131111111131113112322312121
22442515442443223422221512212222224511222442325541542544424341522454224522444544452242433444244442444241144422112313121
54555534422454444424421221211413421511223422121452444422122513513455124421534542254555434131123221234232345222111322111
44324515232554532244531133241521331532331331214353331533413534521543334532234452223252323313321211524154324312114422221
42155215552311151411311111111111112511152224114551441524114122511552251511122442222242112522151245542455222122122212111
43444544223443444432331222313322243422332232324441432423333342523442322432234444232543222233223322432343133412114322121
43454424232444344422322222323422232422332242224342352424234242422454234422224442232445434244342342424444244412114312221
44455514531555243311222224254532241521344133212451442525511552222353321411131342112352111111122312332155222212114423221
44344323222455543422551223431511343432333242335344241443344543533543424422444442232254333234233444443254234212112312121
52222214222455444434553233552535432232424552232151132431432543523252233222255444232442222222223343432222223212111424231
43445425222543422434321522221413433424433242422435432424543423512434133521455555241442223122224324544243144212114322222
44554424322444423422421211111212424411153422424542522544232342511424233224544444342322155554555343444254144412112311111
43444415222443443413221111121211432511122224415433242444222244512242222522424452234445133323153322344442224322122322111
32454425422244442434242232422521443322433424222442442433324453523443223422344444232432232232232322423242222212111312121
44244523253454544342321111211511223311223222434342342522122255522452211545414544425454222222252322444241445512114312221
34545525511555555144321221222324134521343122421341243515123422514534114341424222421242145113122512225151245413114412121
34444423232432434434442222232322222422323333224432432423423442522313333422244422222442332222222222333242243212124312121
322444143234554534442212113133114125111342331243312412442423215133542224111435242342513 1111121211221142222112111322211
44344325232454544423111212112111413511133424213522541453112252511554234511255443234244222113523342444244214312122211111
44555535343454444322331122322411332422233332223342442423334452513554244422254522232442223244523342333224243212114312121
55555524442444222424422232232422432422423222214451452523322444522443223411244442234242222132221232222242242212223322222
44444514441541244524432112222322134422322421224241242524322454542455224422244544244251522242212244214244221412122322121
34454424431444524422221112121212224421144434414414421524244252522444242422424322242444444322242241252444242422123312111
42244424222444234444322322232422322421233222322422423223223244422242222244322222234244222242442322224242242212113544333
44444444333 3443331  52222541424443433353 4 4 425124 3  533551553354 2151 1   332334511441112131113212331322 211333322 
4444444433344444445422232231132132332223333333432333233321334251335344453242554444555333334443333353333 333112114212111
55555425232254544424531212131452234521344424315444432544222344512555222522344444242552244244422252533244244412111423121
42345413244133413311331211222311213411142243412441432422224355511552212412354422222244222211422242222242222212114212111
45444515222553443444321233212421324411222334224422442443323321112444224442424524422344422134244345544444143411114312111
44555444432222222222231222222421222512154423224432442424224242112554223311434543224442432222222442422242224412114223221
54555555434344444424422222224322224422234233424432422442223244122244433442344443232444422222443322433244444422114211111
24344524242551322434111111221312432411332122224532441544134252511453322421224534442242324222322444422244142212114312121
444444222224544224125511144424444224424244442222422224424424444424244 2222444444242242222224242442544222242 12114212121
42455545551111111124222222221222522422242322221442432433224442512444222422224322222432222222222222222442222212322311111
54445535344454543444421114221113224541354124425241453545534554514454443411555344413444334234342254435445244412112222121
54455544535243424422532223222312432431323144225444242434334352522554313422432244434444334222424443442442244422112222121
54434523212455534544532432322321442424512534322145243544322544523122212444222252422241322125524422534342244322243533221
22222424222442442244222222222422222422232423222422442433234444422442223224224422222444222444432444442244244312111211111
55455524323454434344331223322422522422233443224342342323422332523344233522242443232342222233222223222242233312114312121
43354523332543443444311211313411433411123332223332333434134513514553324424554533232434522154111354534332344422114324121
24235513142555533411321122221511313511153434415541523554314343511553223423514442231435423233551444423353144421114311211
22322425242444444444421222222421424421243424224432442424224252222442244422444444252442422244244444444442244412114312121
32344414441553344355521111311411432511334534113431441542134341114453554513254455535445522133344343534345245312112312111
44455444544243223443221211111211224411144224324524442444124342512442224422444424222444222242342244443244224222114211111
44445524242244344434421222242422123521334444442445432443423344434443443444444424222454323244443244244334244222122232121
32434545434444422342141211211512111411342343215341242434333441512553224341414444445555444142444243544245344422122232321
44335515232442443424322322222421541421233543224443442455244242525454433424244443245452222234242344244444244412114312121
55555512155555555554242514524225251351334555241453453252455554115555115511555555555553555555515555554352554222112213131
44444423242444444444221222222423323421134233423433242432324332522433232423334424242342233213222222222242223212114312111
44434514533555444344431122311411412311133532235431443333344322513445445513322533251355122142243321554352245421114312111
54454523243114444424524122252441434421223523424445242424322452522444224422254433342444444243342224522434244412114313221
54454554442444443332332423212423433432333433333432442433322332533354333422434442234344333333334342433343222412114212221
44545524422552544544532123322521243421413532224251441532423343513454235411444444132444422222123323422442222211114312121
34455414343455443322551225554553553433513353435255325355542555554234544543455452255552455224545333533442442312114224232
54455423443455523442331132324323434422333433425341323443223445523444444442455555432454432244423344422444533412114412121
44444424424434442242422322222422312521253244224531542445224241512554313342224542342251333324442342444234323412122222222
23543425544232332244231344411221332332322432343233213224234444442443241253231441243341224334422324224242244222112212121
33234424432344344344332232312422343522333133324342432424323343523433143423424344234442232222343322232334234212123212121
42555554543454511415551111431524554422422442324445422424432442524235222443224424242344222124442442444244224422111313221
52222224222423222322422222212421232421423424224452441554424444412442244422254542211442222242221223422242222212252412121
14341231131333224311111444321322142132315312324252113311231111451345124511554554431214552312533545355153235521114125221
44444424422112141441511114414444445541233233525541312434421332522444241434543542115152444554252322232441444411321312121
55354445543551413422532123242332231531324531221443434445541514533244312524425442132451111122245311554242134312114412121
42244424224452424424442223322522434332413242525344424342343322533432224424445222232242422244343244224242442222232314331
44344434423444222224422233222422232432232422424442443434322242522244234422444442244444422223224322422432243411111412111
45444514242444423424424122222421222521324422324433442422222423522245234442234424222244423222222242432444242211114212111
43322522142435313544421111211211223411243433224443431553224454513452224522444324241444222244222242124442234322113324231
4444444444344444332244323334353233243233323232334233253332134452343432242232434224334 222233242333542332233212114312121
54444535233343554453331111313321215411233423444434431423225242512443242453444555242553345243344453434353235411111511111
55555515522455452422221222222422322521222432212444452422222242122454144411414512214452423122212222522244224412114412111
4444352432424342434422121111241123241133321311142112435434354451155421242112242322224413215422442243224212441211431212 
55555555553423243321443222432533342432433442225252241421323432534255332422344222211351422233524443332354323312113112222
55555544233455115411511211522524521322222152125251241442421151514444222411221422222242222122522232242242112212114322121
44422524422454444343332222322422334422333233424441432423212442523444423422344445444254222142222342432242224212114412121
44323514322455445544331111321421322412134234322452241332435455523244133423454444222251211111112131412341124212234322221
54244425323555424345421223221232433431334331225331442433313421532544233521154544131151111343122215353151354512111523221
43132413143255555144331111321511544412433542432344421442243443523441231422422354453141422244212222422243253322111432222
44344443444344443342442322324423333422233233244342432444243444524344343432244444232444323243342342432442344412114312121
44444512232243444422341122422411132422333244332342432434424343522444332522434422232242222222242244222342242212122212111
52454524323445444344422211212314232411344133315521441342124353511553422422344525135452234422521344522442243412222232211
23444423242444424432311111111411324411132213414421431543324442511452234512443542232254322242322243423242334412112221111
31244531513553443233321111211211224411233321114521522515132444111443233452555555522155513133111454555235241411121312111
55355534434455555445121211222231533311133432324431341344143321533354333423545544235544433454443343454444213421111312111
22243412444443443525521134241442342442414431224355432333532545523123345423355442225453423333223332443243444312114421211
44444533423544355322441333444423344432223232425241242444332444524454242422434445442444232242443443443242244412114311111
43444424422444433344222222222422424322233433424442433434323444521544333342244555243231222223344324232442243212114412121
44444424322444223444232222222422422421233222224431551444234344512454244444444442234452534222243322422242242212114332111
53355424433242423344422222322221224422233432424424442434323432522244233432244424442242322433222324434243214312114312111
55555525532443222222 22222222422322421331111224441434432225341512355242222443444124442455132531322443233224212114322321
42334522242542244422221211112311332511333142215531441524134253422453222511144544452252222222221453442245242312114312211
44254514222555524422552124543522552552422252225252242454552544125442112253552545451451121125535355555142224412114312222
44323435434334434442452223334521353433442242324355243333442353533433323422444444433342433333343344433234343412114312121
34344312343534423444231212311413522511224344223441451435224452512543211422414342224442122242143242123234342212122212111
43444314213554154534222222222333431422223233224334443324323442522343232522333324224242322232122322223232223222241411111
42154243232443412324211111112311221511344132124231451533224242512452134411244544222242222221222322222242244212114212111
44454424242444443422321211222412332412243432224431541534214452512444242422235444423442222122443244534234255412114112221
53554535353315114313421121321412223413343113314241321531113433513555351532534454555553455244323535535243454412111412321
44444424342424223344221212212411422421153232124432442453324342512454154422244454222242322222222322434243234412114422211
42222424222454445444521521251451224512254424424345441424232442512222224522454444425455422242222442422122244222112222221
54555545442444424113341211222421322511122322144331442441113251512551454511234534214542222122343343443445234312114311111
44443544244444244455111222111211211511144442114411541513115152511554242412244442244552422222222242422442244422112211111
54355543124352544114131111414411433411343424354553241552234425524154525523543555411554513145531455543443552521111113   
444 3415322344242243111111111111312511123233114431441433123342513513313211123422213241111333513341411234233312114211111
54444425422243442344451133454524444341343242224441425554243541124553243344554542253254421122445442442245244412122312121
55555  4 4342422 32433122222232232232123323 124 314424332233424225453335222434  2223522222222422424 2333223212114312 1 
42244244242444444444421211111111422511144434214132441454143354511454212421444541425554224154222345435144254222122221111
44224514313454423344421112121411414412143423233424411434443324522444234453555443243243234332422342434254244412114211111
44324424222444443322322222422424322422253242244432532424232344523243243423254444452345222222242244434344244412114232121
44555515553511111411511111111111113511131115314511521515115151111545111222412521131251111131411111411111112112111212111
44234414111111111111221222221211211211142422222532422433234342512442224452233422222242221132312222222422223322322211111
2525551434234344343442133221242133342143333232324323243323244252245233343343343443444333333343334343334224431211  12121
44343433323444433422342232432533434422333442423345323443443542533234223443424444534434333144233433434243334411111523221
44454444433444444422452223322422432432243431224341342344423343523444222422242432232242222223232242433222223212114311111
54453522132454423211221111212413113411253332223433533444243241112455223451322413131251113133552233432141211411114312111
54424524432354444254524111215321412411133145425511421424444451543542234544544542211444411244432152245542145511221222112
44455534323444443332331322313322443421333442334332434434233342543454323422442424222342223232232344334344234411114311111
55555415523553554355211111111411114411153235414241521533125254511535335251235544411552145223551142242145552512223212111
55445525432455545122332222333323132433334433233332342343343442533554223422235554534452222142523331421242132112111412111
4145452323223242432242122221441251442122354332543144243322225151235433221142244524345522213322334244523125531211431212 
44444424442444444444422222222422442422444422424442242424422244524444224422224422222242222222222424242222222212114312121
44244515221434233455331312213411411511152343224343352434234441512354143532254422234151211142233323222142242212114212111
55455415451444544332431211235323432511335252224423551544123333512355344511444543143444431233254335454454354412112312111
44444424442455444444322133334321433421333334423432432433334242522344233423345444323332122223423342423344234312114511111
33444414342524444344431222223324332521244423415423541533423353512254222254434442442453222223423243433244223212111412211
43554424334444444222242433243423543433323133233552343443533433533434213322444434233244422344222323444333324412112222121
44455524332454544344442124231442432531233433222342342444443442512444232524425545244452121142221242532243134312114312121
54454514443453444355441211222421513411341244325441441444134443512355242411254544432454443354424245424445243412111412111
55555524444212244244334422213245544322233242323425442434242543513414243424544443444452422242121333222324334412111422121
55555535551554434334351223321233433433322443334333333443343343523355233532423434432443333333423222323334243312114312121
44455325242224222434311211121111522521143222215231541544314342522354223442244544232442222243442342422242154512321312111
54555544532342424322451123244434242431343433224343341533143551533255253411224425222242235112242234443342222412234312131
42254424232444322322221211222211422411233422225521442432244342512554332422232424431433224234242242332244232412114221111
44344425443452344434342233252445231431322342124242454442131541232254222411222442221442142112141122222222142212114422121
5555551514143333342233321233242244343243333233434233143433343252345532242233442423555323 123444334333244332312111312121
55455525221455545145321211411312144511343141415351242514111211511443124522445214434552145121144421225251124413114412221
3224253 231555444324221222222221223221224222324431332443432231522114234423423224222252222223152332222242122212231432111
44444424342444442222422222223322322422443432224442442444224344422244423422224444222442344243443242444424224412114221111
43244525342453442522451122224523412422322443214354442544442434524232343244545544242345443444232243432242122512114311121
33544513315355555445311211132311522513331433214525541534112321512332133111254545121134111113221321222151132212114312121
55555524322444443351231112212321233421232222234434432452212344522444444442445444532454532422243224522342524412112321311
5455 5  22354444  222 12122123 2 1152 15 2311243333413 3523452513454251512234443444452142 42312343522444244 12114322111
44555412242524323324211211253221211512243222124331242334122441512155132112223452124252222121221222421131141212111412411
32444524433544534444332223233423332423333442244342542534442443533454334422244534452454444343244454443443444412112333221
55545535331432212311221212211311214421155124323431421443144351111554234232212333243342244512134335433145132312122312311
55444424432224424444531222212322134425443244224432442424244343122354232422224444232152222223222324222442244412114222121
55444413341343214322331311112311433511323433323435342435133434413444122544225444545553432132325442523244224412112113111
43444423433444433422424112223323332423333443424432443444233242522343424422544444232444323333343324424243234412114321111
44444524322454443322442123422523541431324142125242242332443442524444233422245544432342432232413343444244244312114312221
